41 0 41
18467 72 35
6334 24 190
26500 103 132
19169 74 225
15724 61 108
11478 44 214
29358 114 174
26962 105 82
24464 95 144
5705 22 73
28145 109 241
23281 90 241
16827 65 187
9961 38 233
491 1 235
2995 11 179
11942 46 166
4827 18 219
5436 21 60
32391 126 135
14604 57 12
3902 15 62
153 0 153
292 1 36
12382 48 94
17421 68 13
18716 73 28
19718 77 6
19895 77 183
5447 21 71
21726 84 222
14771 57 179
11538 45 18
1869 7 77
19912 77 200
25667 100 67
26299 102 187
17035 66 139
9894 38 166
28703 112 31
23811 93 3
31322 122 90
30333 118 125
17673 69 9
4664 18 56
15141 59 37
7711 30 31
28253 110 93
6868 26 212
25547 99 203
27644 107 252
32662 127 150
32757 127 245
20037 78 69
12859 50 59
8723 34 19
9741 38 13
27529 107 137
778 3 10
12316 48 28
3035 11 219
22190 86 174
1842 7 50
288 1 32
30106 117 154
9040 35 80
8942 34 238
19264 75 64
22648 88 120
27446 107 54
23805 92 253
15890 62 18
6729 26 73
24370 95 50
15350 59 246
15006 58 158
31101 121 125
24393 95 73
3548 13 220
19629 76 173
12623 49 79
24084 94 20
19954 77 242
18756 73 68
11840 46 64
4966 19 102
7376 28 208
13931 54 107
26308 102 196
16944 66 48
32439 126 183
24626 96 50
11323 44 59
5537 21 161
21538 84 34
16118 62 246
2082 8 34
22929 89 145
16541 64 157
