18209
4084
1188
3404
663
27298
14768
23081
9797
30218
29791
21159
1383
14347
25697
25544
9419
32461
18836
3844
31957
10928
26150
9185
7367
21634
23547
14276
4927
9205
31054
20487
16386
27216
14490
29259
29431
21860
30651
3856
31863
20162
10832
31363
4804
23339
2917
26518
12502
3656
4687
6486
21086
26267
11990
15994
12549
9654
4250
11063
26356
30891
32175
25948
6810
1219
31883
13978
6057
11379
21794
14627
31074
8331
11599
4728
18963
4529
17526
20603
15326
5646
4712
7372
24251
5959
19846
14930
30656
23727
7210
280
23969
1467
30018
19547
32371
2230
29758
3809
29365
2485
9261
396
16784
7630
1570
8238
14942
20101
22237
26783
1898
29063
22439
4109
24054
10395
7806
8852
28547
7637
12658
16654
76
20492
29007
28973
18196
911
6012
13255
31265
11028
19235
21872
11657
23793
4498
11598
26284
10383
7650
15913
2306
24603
17366
28098
23
10878
4613
18022
19155
29072
22332
30402
19455
136
5918
1017
1029
26296
12813
25076
6135
29303
17486
26106
18899
22622
103
18304
17926
23223
2252
9026
27182
1330
3259
13458
26916
20698
11365
14576
28730
17480
26702
12764
12737
25622
8182
30952
30927
1943
25529
23057
10815
26053
7668
10319
22264
28283
22377
107
17267
17381
6885
11793
2167
26676
15392
26406
12583
29590
1508
20827
31295
26213
4977
1539
5787
27550
22817
2082
7417
8086
8264
24774
767
12008
31326
21914
18816
25010
28512
28088
15867
26369
27507
14527
30052
29833
12235
3109
25639
3738
19147
10959
14187
3151
23405
2783
21395
11273
9189
11726
7179
19483
12161
16058
26689
7111
4052
27393
18929
22634
29971
10510
2214
27379
9663
24947
30334
31129
6532
11832
557
16846
15202
9331
10820
20078
5898
23577
13748
24125
30091
10772
21901
3728
11565
16534
5132
7754
10397
10668
13525
23818
26955
20502
27261
6819
2321
2646
1355
10957
32533
23559
32576
20762
11248
24944
2388
10539
28944
6489
32259
24355
22362
285
23816
19548
2324
14081
13417
19545
8963
5828
6835
24060
8400
1144
7815
25849
26801
22928
20309
8075
14917
10297
17256
9318
1215
18670
16163
31980
26694
26182
24970
12195
26268
31505
31236
20199
1790
30372
27486
24540
29004
31601
16404
11687
17514
27611
21452
23774
11238
14664
13860
21308
30939
10615
10925
18330
16917
1556
27191
3610
20341
27273
2384
29862
21655
9240
10247
17305
16051
22566
20214
14011
6593
25818
7551
627
20705
12263
11605
14648
19961
22438
20286
9545
15520
31336
1304
27294
29755
2058
23834
1310
19813
20938
4701
30482
26261
19544
5787
15322
7162
14385
26934
21214
13994
9256
24444
30408
5884
32325
16937
21745
24114
9939
25645
22808
23388
14773
5808
24922
16249
505
7764
28254
23774
19376
3514
9169
30172
2044
10567
11538
24221
30570
14376
23086
30287
20098
26259
2318
15236
2205
7504
12015
32729
23799
29305
5651
32470
2565
6014
9142
23574
27401
26731
14916
19624
3043
110
3017
28596
12074
30612
28841
6754
31355
11731
5777
6903
15633
18253
7085
14146
1174
15827
27164
27190
29753
11176
26529
9432
4609
13192
19867
5724
32353
10729
15671
16266
18956
25473
25572
21863
24074
19720
17415
14098
10764
12351
30192
31468
3325
18993
29965
22267
11225
5817
19806
26769
10946
30020
15657
7976
31825
2776
7919
20113
15146
1366
12190
11342
16851
9212
1288
15420
29894
10541
18580
28789
29380
6517
2612
116
8045
27592
16279
15226
15374
3850
17311
23089
698
26837
27157
5007
30620
12662
31644
30974
25739
20792
11747
23994
13023
8934
27679
19834
6019
16267
953
22098
17740
14204
2371
10712
6537
23704
2481
22918
30428
463
23494
12895
16968
21473
9676
31701
13962
12136
27528
7659
429
6169
14445
29335
24793
13639
14864
18026
11884
30632
24284
19570
5707
19548
19719
2400
25723
299
17860
31206
8683
15887
18619
30819
29588
14322
2998
9666
28612
184
6813
22943
23991
6272
13220
23980
4968
9255
13251
30804
26022
27918
10087
2718
24170
3614
21351
17747
11624
29193
19001
14691
1764
1746
24934
18309
25799
19087
6971
13086
24050
5486
22721
23652
2002
17654
26608
26051
5685
11407
16928
18560
11612
28485
3776
7324
6737
9929
15946
6139
25979
31672
20854
2245
29551
4896
8367
20237
10249
30017
14275
6576
16316
20880
6622
27264
21286
17410
441
9634
14567
32646
29199
12341
14772
467
10833
25140
19111
13413
21402
20382
16857
7874
31205
11476
14643
3586
9598
21058
4993
21902
10422
9025
22472
3368
30171
23612
22234
28716
4455
3090
20263
16917
29816
15548
726
23618
29568
3888
29717
18683
32062
20101
15277
4015
17901
15959
11737
5759
12987
10349
16728
15617
6524
28057
27841
5181
10400
7648
28183
22524
2914
23515
12445
3395
7747
3933
17643
27162
18359
11095
8002
27281
18718
2808
4125
14085
7157
10776
11016
16288
12110
15574
4021
12575
6525
27264
18765
9944
4629
12212
14340
15867
18451
11205
14576
28184
26712
23904
27
19169
26717
4720
22743
4914
26914
3902
16465
12622
18023
12509
3689
4204
9759
3781
8385
27506
7202
24510
15380
30976
13858
9728
6090
6320
992
26264
18377
26012
28575
28685
30861
21025
31449
29764
12667
12515
13106
31137
4466
20241
29610
26479
14756
1003
17942
12674
23204
22913
30929
26394
6079
12989
15535
10507
13456
4771
24370
19227
16591
26840
29953
9388
13930
1889
2197
21659
15831
9646
8502
31847
3240
5335
13862
13974
4704
2341
25116
19540
26501
7380
27379
28254
13046
28695
29092
29982
31103
2653
24178
27671
2987
24787
23908
27780
1497
9770
32504
2876
5778
18330
20758
24025
32538
15143
1091
23321
581
803
28951
6789
13708
2804
4593
14160
26720
16663
17641
23169
5567
4709
27142
12373
5124
10901
12722
19678
30467
7683
12138
17393
22613
24751
1210
30783
31217
11913
14441
26050
30460
18668
3569
27483
30435
11624
28977
22457
5798
10692
19046
15740
31863
28995
20056
21146
18819
5927
7889
24322
24080
4724
20307
32384
9160
12022
8714
14817
21076
3973
4352
15191
25133
9608
30608
8735
8623
16824
28701
14688
8304
8743
14852
5719
25807
8576
15310
25009
8144
27536
30123
20536
21287
23301
30748
3762
7570
25718
13039
9478
8556
12964
12400
5281
14720
22528
4318
13848
28699
14701
23068
6671
27749
5702
28585
29017
18928
20899
18130
16481
3730
24792
11046
25032
12912
831
10027
7247
28252
10040
25935
20472
17505
8301
7457
32360
30363
4955
24769
12944
24652
14862
24213
2956
25901
26155
27454
28363
27394
25652
26571
9585
4465
9224
22572
26873
7188
19113
15849
8991
17101
4418
2836
25853
23642
5481
16764
22900
5929
32417
4643
14029
13421
7459
4338
29600
31089
26078
20652
17141
19244
28604
31521
7082
10263
22055
14756
20245
29755
9420
446
29417
19342
12446
6692
8798
20095
542
27623
23180
7376
13530
29675
30232
29348
28724
26778
3091
7129
23909
26585
13855
12695
16066
16699
468
22057
3133
12405
4450
25356
14638
7187
12151
15686
1876
11369
23139
17401
2838
20171
2682
3384
17679
30977
14265
25881
29898
16629
25261
17164
2250
7343
9361
10603
20430
24195
2743
9042
20307
16777
16681
21680
25433
6734
20623
20638
2922
32713
29523
10736
2265
145
17924
29194
12872
14413
22264
6646
8300
22891
22838
27059
6165
32533
32402
463
21864
23392
15642
6968
7279
5575
945
31055
13013
28121
8698
16958
9962
30254
26488
12683
2029
31647
15859
22766
29579
27830
17181
25440
7331
21860
9589
3701
12108
17138
18540
19947
13849
9274
29638
19843
25756
31255
4676
17679
27432
27674
17280
21197
14299
5503
17688
20467
18652
7775
30478
21387
29666
29991
32623
22401
18166
15432
